name: ManualAid
channels:
  - conda-forge
  - defaults
dependencies:
  - _libavif_api=1.4.1=h57928b3_0
  - ca-certificates=2026.2.25=h4c7d964_0
  - font-ttf-dejavu-sans-mono=2.37=hab24e00_0
  - font-ttf-inconsolata=3.000=h77eed37_0
  - font-ttf-source-code-pro=2.038=h77eed37_0
  - font-ttf-ubuntu=0.83=h77eed37_3
  - python_abi=3.12=8_cp312
  - tzdata=2025c=hc9c84f9_1
  - ucrt=10.0.26100.0=h57928b3_0
  - fonts-conda-forge=1=hc364b38_1
  - vcomp14=14.44.35208=h818238b_34
  - fonts-conda-ecosystem=1=0
  - vc14_runtime=14.44.35208=h818238b_34
  - vc=14.3=h41ae7f8_34
  - vs2015_runtime=14.44.35208=h38c0c73_34
  - aom=3.9.1=he0c23c2_0
  - bzip2=1.0.8=h0ad9c76_9
  - dav1d=1.2.1=hcfcfb64_0
  - graphite2=1.3.14=hac47afa_2
  - icu=75.1=he0c23c2_0
  - lerc=4.1.0=hd936e49_0
  - libdeflate=1.25=h51727cc_0
  - libexpat=2.7.4=hac47afa_0
  - libffi=3.5.2=h3d046cb_0
  - libiconv=1.18=hc1393d2_2
  - libjpeg-turbo=3.1.4.1=hfd05255_0
  - liblzma=5.8.2=hfd05255_0
  - libmad=0.15.1b=hcfcfb64_1001
  - libogg=1.3.5=h2466b09_1
  - libsodium=1.0.21=h6a83c73_3
  - libsqlite=3.52.0=hf5d6505_0
  - libusb=1.0.29=h1839187_0
  - libvulkan-loader=1.4.341.0=h477610d_0
  - libwebp-base=1.6.0=h4d5522a_0
  - libzlib=1.3.2=hfd05255_2
  - mpg123=1.32.9=h01009b0_0
  - openssl=3.6.2=hf411b9b_0
  - pixman=0.46.4=h5112557_1
  - portmidi=2.0.8=hac47afa_0
  - rav1e=0.8.1=h007690e_0
  - svt-av1=4.0.1=hac47afa_0
  - tk=8.6.13=h6ed50ae_3
  - krb5=1.22.2=h0ea6238_0
  - libavif16=1.4.1=h41d0b9c_0
  - libflac=1.5.0=h08124e9_1
  - libintl=0.22.5=h5728263_3
  - libpng=1.6.58=h7351971_0
  - libvorbis=1.3.7=h5112557_2
  - pcre2=10.47=hd2b5f0e_0
  - python=3.12.13=h0159041_0_cpython
  - sdl3=3.4.4=h5112557_0
  - zstd=1.5.7=h534d264_6
  - asttokens=3.0.1=pyhd8ed1ab_0
  - blinker=1.9.0=pyhff2d567_0
  - colorama=0.4.6=pyhd8ed1ab_1
  - comm=0.2.3=pyhe01879c_0
  - cpython=3.12.13=py312hd8ed1ab_0
  - debugpy=1.8.20=py312ha1a9051_0
  - decorator=5.2.1=pyhd8ed1ab_0
  - executing=2.2.1=pyhd8ed1ab_0
  - iniconfig=2.3.0=pyhd8ed1ab_0
  - libfreetype6=2.14.3=hdbac1cb_0
  - libglib=2.86.4=h0c9aed9_1
  - libtiff=4.7.1=h8f73337_1
  - mdurl=0.1.2=pyhd8ed1ab_1
  - nest-asyncio=1.6.0=pyhd8ed1ab_1
  - packaging=26.0=pyhcf101f3_0
  - parso=0.8.6=pyhcf101f3_0
  - platformdirs=4.9.4=pyhcf101f3_0
  - pluggy=1.6.0=pyhf9edf01_1
  - psutil=7.2.2=py312he5662c2_0
  - pure_eval=0.2.3=pyhd8ed1ab_1
  - pygments=2.19.2=pyhd8ed1ab_0
  - pywin32=311=py312h829343e_1
  - ruff=0.15.10=h02f8532_0
  - sdl2=2.32.56=h5112557_0
  - setuptools=82.0.1=pyh332efcf_0
  - six=1.17.0=pyhe01879c_1
  - tomli=2.4.1=pyhcf101f3_0
  - tornado=6.5.5=py312he06e257_0
  - traitlets=5.14.3=pyhd8ed1ab_1
  - typing_extensions=4.15.0=pyhcf101f3_0
  - wcwidth=0.6.0=pyhd8ed1ab_0
  - zeromq=4.3.5=h507cc87_10
  - click=8.3.2=pyh6dadd2b_0
  - coverage=7.13.5=py312h05f76fc_0
  - exceptiongroup=1.3.1=pyhd8ed1ab_0
  - ipython_pygments_lexers=1.1.1=pyhd8ed1ab_0
  - jedi=0.19.2=pyhd8ed1ab_1
  - jupyter_core=5.9.1=pyh6dadd2b_0
  - libfreetype=2.14.3=h57928b3_0
  - markdown-it-py=4.0.0=pyhd8ed1ab_0
  - matplotlib-inline=0.2.1=pyhd8ed1ab_0
  - prompt-toolkit=3.0.52=pyha770c72_0
  - python-dateutil=2.9.0.post0=pyhe01879c_2
  - python-gil=3.12.13=hd8ed1ab_0
  - sdl2_image=2.8.2=h5ca362a_1
  - sdl2_mixer=2.6.3=hcd0ef4b_2
  - stack_data=0.6.3=pyhd8ed1ab_1
  - wheel=0.46.3=pyhd8ed1ab_0
  - _python_abi3_support=1.0=hd8ed1ab_2
  - fontconfig=2.17.1=hd47e2ca_0
  - freetype=2.14.3=h57928b3_0
  - ipython=9.11.0=pyhccfa634_0
  - pip=26.0.1=pyh8b19718_0
  - pytest=9.0.3=pyhc364b38_1
  - rich=15.0.0=pyhcf101f3_0
  - cairo=1.18.4=h5782bbf_0
  - pytest-cov=7.1.0=pyhcf101f3_0
  - pyzmq=27.1.0=py312h343a6d4_2
  - harfbuzz=11.5.1=h5f2951f_0
  - jupyter_client=8.8.0=pyhcf101f3_0
  - ipykernel=7.2.0=pyh6dadd2b_1
  - sdl2_ttf=2.24.0=hd2a6e60_1
